21
29
37
61
75
62
101
79
82
97
108
130
133
126
143
162
165
197
201
240
248
256
279
313
344
335
337
378
372
412
430
450
456
483
497
495
513
530
538
571
576
588
618
617
645
661
669
695
701
689
723
719
724
717
752
751
763
786
834
858
871
895
909
940
942
961
989
977
974
997
1009
1025
1042
1088
1067
1082
1088
1121
1127
1164
1169
1196
1205
1230
1244
1254
1282
1279
1327
1355
1353
1378
1377
1411
1427
1480
1463
1491
1519
1550
1547
1551
1569
1560
1602
1603
1653
1666
1671
1673
1707
1728
1706
1736
1740
1742
1786
1804
1823
1818
1860
1864
1876
1875
1897
1935
1940
1947
2003
2014
2017
2046
2045
2073
2084
2095
2114
2104
2152
2136
2182
2192
2224
2236
2249
2269
2272
2291
2282
2315
2353
2354
2351
2384
2400
2416
2428
2443
2446
2488
2489
2489
2522
2566
2591
2596
2624
2632
2668
2689
2695
2744
2766
2761
2773
2794
2830
2810
2847
2841
2872
2871
2890
2908
2911
2924
2948
2948
2990
3014
3002
3036
3055
3077
3091
3111
3160
3176
3191
3196
3224
3219
3238
3254
3249
3280
3300
3313
3331
3331
3330
3358
3374
3399
3432
3426
3453
3460
3480
3523
3513
3520
3548
3591
3596
3609
3655
3675
3664
3699
3678
3709
3717
3721
3734
3765
3781
3798
3780
3820
3823
3844
3842
3870
3872
3880
3923
3952
3941
3976
3981
4008
4020
4034
4047
4056
4053
4076
4106
4119
4140
4156
4197
4213
4227
4233
4254
4277
4300
4317
4322
4344
4357
4382
4392
4408
4426
4452
4453
4483
4500
4519
4517
4531
4577
4577
4608
4638
4629
4650
4668
4686
4708
4691
4697
4723
4728
4748
4764
4792
4802
4826
4860
4860
4886
4879
4898
4921
4930
4953
4955
4970
5004
4994
5011
5045
5070
5111
5112
5124
5132
5168
5189
5226
5229
5240
5261
5257
5284
5322
5320
5366
5366
5396
5419
5459
5453
5478
5502
5506
5507
5506
5525
5571
5585
5588
5597
5590
5627
5621
5659
5671
5706
5706
5710
5744
5751
5778
5796
5813
5814
5831
5811
5819
5860
5856
5866
5875
5890
5893
5922
5932
5957
5953
5975
5995
6027
6054
6059
6085
6097
6123
6149
6166
6163
6194
6209
6208
6237
6267
6273
6290
6313
6335
6337
6376
6373
6403
6385
6398
6410
6424
6455
6462
6471
6516
6510
6518
6529
6538
6572
6596
6617
6636
6661
6680
6681
6709
6692
6718
6732
6721
6729
6761
6750
6772
6798
6789
6803
6831
6840
6836
6883
6904
6922
6939
6954
6980
6974
6974
6993
7007
7040
7050
7073
7097
7116
7126
7137
7141
7160
7183
7190
7203
7240
7238
7241
7241
7249
7272
7290
7306
7300
7312
7336
7348
7356
7360
7398
7419
7423
7427
7454
7447
7459
7481
7518
7524
7543
7561
7563
7608
7611
7623
7642
7650
7649
7660
7707
7714
7731
7762
7790
7800
7829
7845
7852
7852
7880
7899
7915
7937
7954
7977
7988
7993
8025
8060
8082
8084
8114
8138
8135
8171
8188
8215
8220
8224
8241
8259
8291
8300
8319
8349
8348
8364
8381
8411
8441
8442
8465
8482
8499
8543
8547
8566
8571
8591
8621
8643
8655
8645
8679
8704
8696
8750
8759
8771
8768
8768
8795
8823
8817
8833
8848
8859
8854
8903
8882
8929
8928
8948
8941
8966
8984
9006
9015
9033
9029
9046
9070
9070
9092
9125
9129
9152
9158
9176
9174
9187
9209
9233
9223
9264
9286
9299
9316
9334
9329
9366
9400
9427
9434
9451
9455
9483
9476
9510
9532
9537
9554
9541
9593
9602
9605
9643
9656
9692
9686
9696
9715
9744
9744
9764
9777
9793
9829
9858
9845
9867
9886
9899
9930
9923
9940
9969
9982
10019
10027
10057
10076
10113
10130
10150
10173
10187
10206
10237
10230
10263
10253
10284
10314
10301
10320
10362
10381
10364
10383
10388
10413
10427
10434
10475
10496
10511
10517
10504
10543
10532
10556
10597
10624
10641
10644
10659
